
function map = earth_colormap()
map = [1	1	1
0.981026586569916	0.993576399214893	0.999494438827098
0.962053173139832	0.987152798429786	0.998988877654196
0.943079759709748	0.980729197644680	0.998483316481294
0.924106346279665	0.974305596859573	0.997977755308392
0.905132932849581	0.967881996074466	0.997472194135490
0.886159519419497	0.961458395289359	0.996966632962589
0.867186105989413	0.955034794504253	0.996461071789687
0.848212692559329	0.948611193719146	0.995955510616785
0.829239279129245	0.942187592934039	0.995449949443883
0.810265865699161	0.935763992148932	0.994944388270981
0.791292452269078	0.929340391363826	0.994438827098079
0.772319038838994	0.922916790578719	0.993933265925177
0.753345625408910	0.916493189793612	0.993427704752275
0.734372211978826	0.910069589008505	0.992922143579373
0.715398798548742	0.903645988223399	0.992416582406471
0.696425385118658	0.897222387438292	0.991911021233569
0.677451971688574	0.890798786653185	0.991405460060667
0.658478558258490	0.884375185868078	0.990899898887765
0.639505144828407	0.877951585082972	0.990394337714864
0.620531731398323	0.871527984297865	0.989888776541962
0.601558317968239	0.865104383512758	0.989383215369060
0.582584904538155	0.858680782727651	0.988877654196158
0.563611491108071	0.852257181942545	0.988372093023256
0.544638077677987	0.845833581157438	0.987866531850354
0.525664664247904	0.839409980372331	0.987360970677452
0.506691250817820	0.832986379587224	0.986855409504550
0.487717837387736	0.826562778802118	0.986349848331648
0.468744423957652	0.820139178017011	0.985844287158746
0.449771010527568	0.813715577231904	0.985338725985844
0.430797597097484	0.807291976446797	0.984833164812942
0.411824183667400	0.800868375661690	0.984327603640041
0.392850770237316	0.794444774876584	0.983822042467139
0.373877356807233	0.788021174091477	0.983316481294237
0.354903943377149	0.781597573306370	0.982810920121335
0.335930529947065	0.775173972521263	0.982305358948433
0.316957116516981	0.768750371736157	0.981799797775531
0.297983703086897	0.762326770951050	0.981294236602629
0.279010289656813	0.755903170165943	0.980788675429727
0.260036876226729	0.749479569380836	0.980283114256825
0.241063462796645	0.743055968595730	0.979777553083923
0.222090049366562	0.736632367810623	0.979271991911021
0.203116635936478	0.730208767025516	0.978766430738119
0.184143222506394	0.723785166240409	0.978260869565217
0.180051150895141	0.729923273657289	0.956521739130435
0.175959079283887	0.736061381074169	0.934782608695652
0.171867007672634	0.742199488491049	0.913043478260870
0.167774936061381	0.748337595907928	0.891304347826087
0.163682864450128	0.754475703324808	0.869565217391304
0.159590792838875	0.760613810741688	0.847826086956522
0.155498721227621	0.766751918158568	0.826086956521739
0.151406649616368	0.772890025575448	0.804347826086957
0.147314578005115	0.779028132992327	0.782608695652174
0.143222506393862	0.785166240409207	0.760869565217391
0.139130434782609	0.791304347826087	0.739130434782609
0.135038363171356	0.797442455242967	0.717391304347826
0.130946291560102	0.803580562659847	0.695652173913044
0.126854219948849	0.809718670076726	0.673913043478261
0.122762148337596	0.815856777493606	0.652173913043478
0.118670076726343	0.821994884910486	0.630434782608696
0.114578005115090	0.828132992327366	0.608695652173913
0.110485933503836	0.834271099744246	0.586956521739130
0.106393861892583	0.840409207161125	0.565217391304348
0.102301790281330	0.846547314578005	0.543478260869565
0.0982097186700767	0.852685421994885	0.521739130434783
0.0941176470588235	0.858823529411765	0.500000000000000
0.0900255754475703	0.864961636828645	0.478260869565217
0.0859335038363171	0.871099744245524	0.456521739130435
0.0818414322250640	0.877237851662404	0.434782608695652
0.0777493606138107	0.883375959079284	0.413043478260870
0.0736572890025575	0.889514066496164	0.391304347826087
0.0695652173913044	0.895652173913044	0.369565217391304
0.0654731457800512	0.901790281329923	0.347826086956522
0.0613810741687980	0.907928388746803	0.326086956521739
0.0572890025575448	0.914066496163683	0.304347826086957
0.0531969309462916	0.920204603580563	0.282608695652174
0.0491048593350384	0.926342710997443	0.260869565217391
0.0450127877237852	0.932480818414322	0.239130434782609
0.0409207161125320	0.938618925831202	0.217391304347826
0.0368286445012788	0.944757033248082	0.195652173913043
0.0327365728900256	0.950895140664962	0.173913043478261
0.0286445012787724	0.957033248081841	0.152173913043478
0.0245524296675192	0.963171355498721	0.130434782608696
0.0204603580562660	0.969309462915601	0.108695652173913
0.0163682864450128	0.975447570332481	0.0869565217391305
0.0122762148337596	0.981585677749361	0.0652173913043478
0.00818414322250638	0.987723785166240	0.0434782608695652
0.00409207161125319	0.993861892583120	0.0217391304347826
0	1	0
0.000744433366566966	0.996476348731583	0.00297773346626786
0.00148886673313393	0.992952697463166	0.00595546693253573
0.00223330009970090	0.989429046194749	0.00893320039880359
0.00297773346626786	0.985905394926332	0.0119109338650715
0.00372216683283483	0.982381743657915	0.0148886673313393
0.00446660019940180	0.978858092389498	0.0178664007976072
0.00521103356596876	0.975334441121081	0.0208441342638750
0.00595546693253573	0.971810789852664	0.0238218677301429
0.00669990029910269	0.968287138584247	0.0267996011964108
0.00744433366566966	0.964763487315830	0.0297773346626786
0.00818876703223662	0.961239836047413	0.0327550681289465
0.00893320039880359	0.957716184778996	0.0357328015952144
0.00967763376537056	0.954192533510579	0.0387105350614822
0.0104220671319375	0.950668882242162	0.0416882685277501
0.0111665004985045	0.947145230973746	0.0446660019940180
0.0119109338650715	0.943621579705329	0.0476437354602858
0.0126553672316384	0.940097928436912	0.0506214689265537
0.0133998005982054	0.936574277168495	0.0535992023928215
0.0141442339647724	0.933050625900078	0.0565769358590894
0.0148886673313393	0.929526974631661	0.0595546693253573
0.0156331006979063	0.926003323363244	0.0625324027916251
0.0163775340644733	0.922479672094827	0.0655101362578930
0.0171219674310402	0.918956020826410	0.0684878697241609
0.0178664007976072	0.915432369557993	0.0714656031904287
0.0186108341641741	0.911908718289576	0.0744433366566966
0.0193552675307411	0.908385067021159	0.0774210701229644
0.0200997008973081	0.904861415752742	0.0803988035892323
0.0208441342638750	0.901337764484325	0.0833765370555002
0.0215885676304420	0.897814113215908	0.0863542705217680
0.0223330009970090	0.894290461947491	0.0893320039880359
0.0230774343635759	0.890766810679074	0.0923097374543038
0.0238218677301429	0.887243159410657	0.0952874709205716
0.0245663010967099	0.883719508142240	0.0982652043868395
0.0253107344632768	0.880195856873823	0.101242937853107
0.0260551678298438	0.876672205605406	0.104220671319375
0.0267996011964108	0.873148554336989	0.107198404785643
0.0275440345629777	0.869624903068572	0.110176138251911
0.0282884679295447	0.866101251800155	0.113153871718179
0.0290329012961117	0.862577600531738	0.116131605184447
0.0297773346626786	0.859053949263321	0.119109338650715
0.0305217680292456	0.855530297994904	0.122087072116982
0.0312662013958126	0.852006646726487	0.125064805583250
0.0320106347623795	0.848482995458070	0.128042539049518
0.0327550681289465	0.844959344189653	0.131020272515786
0.0334995014955135	0.841435692921236	0.133998005982054
0.0342439348620804	0.837912041652819	0.136975739448322
0.0349883682286474	0.834388390384402	0.139953472914590
0.0357328015952144	0.830864739115985	0.142931206380857
0.0364772349617813	0.827341087847568	0.145908939847125
0.0372216683283483	0.823817436579152	0.148886673313393
0.0379661016949153	0.820293785310735	0.151864406779661
0.0387105350614822	0.816770134042318	0.154842140245929
0.0394549684280492	0.813246482773901	0.157819873712197
0.0401994017946162	0.809722831505484	0.160797607178465
